2073,451
1,45
43
741,2036
193,2346
------------
2148,286
1,4
43
797,0909
267,0071
------------
2171,125
1,38
37
838,0828
254,8529
------------
2115,455
1,42
43
768,0615
255,4843
------------
2104,566
1,43
43
671,5445
217,6846
------------
2077,104
1,44
42
591,2375
135,5934
------------
2102,296
1,43
36
591,9122
248,5941
------------
2123,508
1,41
39
562,3962
239,7694
------------
2115,403
1,42
39
586,0749
236,5672
------------
2266,543
1,32
37
791,2149
297,1937
------------
2283,426
1,31
3
732,7748
302,111
------------
2048,962
1,46
2
680,2327
176,8724
------------
2116,516
1,42
2
752,109
216,9858
------------
2140,01
1,4
3
661,4738
229,7069
------------
2172,569
1,38
2
734,7673
208,6957
------------
2026,757
1,48
55
45,54981
152,6247
------------
2042,376
1,47
67
160,3934
98,2047
------------
1966,288
1,53
42
0
153,5843
------------
2064,979
1,45
61
94,13876
137,9263
------------
2046,108
1,47
54
165,5957
129,1389
------------
2032,754
1,48
33
37,8486
124,6731
------------
2065,583
1,45
39
196,8606
159,8501
------------
2046,819
1,47
46
40,75256
140,8248
------------
2015,252
1,49
41
40,02264
114,9116
------------
2102,858
1,43
34
370,0934
95,51213
------------
2010,45
1,49
1
0
124,4168
------------
2011,237
1,49
1
49,35035
106,5387
------------
2026,323
1,48
3
77,85415
141,7016
------------
2027,062
1,48
1
81,01127
120,1496
------------
2019,722
1,49
1
1,052598
125,442
------------
2349,92
1,28
0
0
348,4857
------------
2367,777
1,27
0
0
472,6735
------------
2292,887
1,31
1
41,22571
356,061
------------
2218,313
1,35
0
0
312,7005
------------
2223,188
1,35
0
0
383,3902
------------
2263,313
1,33
0
0
380,2097
------------
2290
1,31
0
36,2839
316,7913
------------
2276,643
1,32
0
0,199305
320,1752
------------
2218,188
1,35
0
4,979874
373,7366
------------
2228,692
1,35
0
0
312,544
------------
2209,485
1,36
0
25,95797
263,668
------------
2177,762
1,38
0
0
227,0929
------------
2213,246
1,36
0
19,22619
358,3519
------------
2285,793
1,31
0
10,31146
361,6835
------------
2286,045
1,31
0
0
416,0727
------------
2083,786
1,44
30
47,90783
149,3132
------------
2061,441
1,46
33
107,4629
139,8373
------------
2001,922
1,5
31
81,81791
104,489
------------
2031,011
1,48
29
21,91315
115,6294
------------
2031,641
1,48
35
9,372386
154,2795
------------
2055,091
1,46
44
39,86029
151,8456
------------
2031,715
1,48
50
16,98612
116,7629
------------
2058,219
1,46
51
41,7209
136,4963
------------
2047,344
1,47
33
77,80925
145,0593
------------
2114,17
1,42
37
192,261
143,7135
------------
1977,326
1,52
0
16,46222
145,4972
------------
2141,573
1,4
0
299,1766
148,8593
------------
2110,094
1,42
0
114,6249
129,1606
------------
2068,521
1,45
0
210,0947
136,346
------------
2034,644
1,47
0
142,2908
109,0904
------------
